255
255
255
186
0
0
0
35
255
255
255
236
0
0
0
20
0
0
0
30
0
0
0
1
0
0
0
50
0
0
0
50
0
0
0
255
0
0
0
0
0
0
0
1
0
0
0
1
0
0
0
0
0
0
0
20
0
0
0
20
0
0
0
65
0
0
0
0
0
0
0
20
0
0
0
45
0
0
0
1
63
128
0
0
0
0
0
250
0
0
0
128
0
0
0
210
0
0
0
0
0
0
0
0
0
0
0
3
0
0
0
1
0
0
0
0
0
0
0
25
0
0
0
40
0
0
0
70
0
0
0
0
0
0
0
0
0
0
0
40
0
0
0
1
63
128
0
0
0
0
0
250
0
0
0
128
0
0
0
210
0
0
0
0
0
0
0
0
0
0
0
3
0
0
0
1
0
0
0
0
0
0
0
0
0
0
0
30
0
0
0
30
0
0
0
0
255
255
255
251
0
0
0
0
255
255
255
255
63
128
0
0
0
0
0
250
0
0
0
128
0
0
0
211
0
0
0
0
0
0
0
0
0
0
0
1
0
0
0
1
0
0
0
0
0
0
0
20
0
0
0
10
0
0
0
30
0
0
0
0
255
255
255
246
0
0
0
80
0
0
0
1
63
128
0
0
0
0
0
250
0
0
0
128
0
0
0
211
0
0
0
0
0
0
0
0
0
0
0
2
0
0
0
1
0
0
0
0
0
0
0
0
191
192
0
0
255
255
255
255
0
0
0
0
0
0
0
0
0
0
0
50
0
0
0
1
63
128
0
0
0
0
0
250
0
0
0
128
0
0
0
211
0
0
0
0
0
0
0
0
0
0
0
1
0
0
0
1
0
0
0
0
0
0
0
22
0
0
0
28
0
0
0
28
0
0
0
0
255
255
255
251
0
0
0
0
0
0
0
1
63
128
0
0
0
0
0
250
0
0
0
0
0
0
0
211
0
0
0
211
0
0
0
0
0
0
0
3
0
0
0
1
0
0
0
0
0
0
0
40
0
0
0
28
0
0
0
28
0
0
0
0
255
255
255
251
0
0
0
0
0
0
0
1
63
128
0
0
0
0
0
250
0
0
0
0
0
0
0
211
0
0
0
211
0
0
0
0
0
0
0
3
0
0
0
1
0
0
0
0
0
0
0
0
0
0
0
15
0
0
0
15
0
0
0
0
255
255
255
251
0
0
0
0
255
255
255
255
63
128
0
0
0
0
0
250
0
0
0
0
0
0
0
211
0
0
0
211
0
0
0
0
0
0
0
3
0
0
0
1
0
0
0
0
0
0
0
15
0
0
0
25
0
0
0
25
0
0
0
0
255
255
255
251
0
0
0
70
0
0
0
1
63
128
0
0
0
0
0
250
0
0
0
211
0
0
0
0
0
0
0
0
0
0
0
0
0
0
0
1
0
0
0
1
0
0
0
0
0
0
0
5
0
0
0
11
0
0
0
45
0
0
0
0
0
0
0
35
0
0
0
40
0
0
0
1
63
128
0
0
0
0
0
250
0
0
0
211
0
0
0
128
0
0
0
0
0
0
0
0
0
0
0
3
0
0
0
1
0
0
0
0
0
0
0
30
0
0
0
45
0
0
0
75
0
0
0
0
0
0
0
0
0
0
0
40
0
0
0
1
63
128
0
0
0
0
0
250
0
0
0
211
0
0
0
128
0
0
0
0
0
0
0
0
0
0
0
1
0
0
0
1
0
0
0
0
0
0
0
25
0
0
0
41
0
0
0
70
0
0
0
0
0
0
0
5
0
0
0
40
0
0
0
1
63
128
0
0
0
0
0
250
0
0
0
0
0
0
0
0
0
0
0
0
0
0
0
1
0
0
0
1
0
0
0
1
0
0
0
0
0
0
0
100
0
0
0
5
0
0
0
200
0
0
0
0
255
255
255
221
0
0
0
150
0
0
0
1
63
128
0
0
0
0
0
250
0
0
0
200
0
0
0
200
0
0
0
200
0
0
0
0
0
0
0
3
0
0
0
1
0
0
0
0
0
0
0
25
0
0
0
10
0
0
0
10
0
0
0
0
255
255
255
251
0
0
0
0
0
0
0
1
63
128
0
0
0
0
0
250
0
0
0
211
0
0
0
128
0
0
0
128
0
0
0
0
0
0
0
3
0
0
0
2
0
0
0
0
0
0
0
25
0
0
0
20
0
0
0
20
0
0
0
0
0
0
0
0
0
0
0
70
0
0
0
1
62
153
153
154
0
0
0
0
0
0
0
0
0
0
0
0
0
0
0
255
0
0
0
2
0
0
0
3
0
0
0
1
0
0
0
0
0
0
0
20
0
0
0
20
0
0
0
20
0
0
0
100
0
0
0
40
0
0
0
120
0
0
0
1
63
128
0
0
0
0
0
150
0
0
0
255
0
0
0
255
0
0
0
255
0
0
0
0
0
0
0
2
0
0
0
2
0
0
0
0
0
0
0
0
0
0
0
0
255
255
255
255
0
0
0
0
0
0
0
0
0
0
0
200
0
0
0
1
62
76
204
205
0
0
0
0
0
0
0
255
0
0
0
0
0
0
0
0
255
255
255
255
0
0
0
0
0
0
0
1
0
0
0
2
255
255
255
255
0
0
0
3
0
0
0
1
0
0
0
4
255
255
255
255
0
0
0
5
0
0
0
6
0
0
0
7
255
255
255
255
0
0
0
8
255
255
255
255
0
0
0
9
0
0
0
10
255
255
255
255
0
0
0
12
255
255
255
255
0
0
0
13
255
255
255
255
0
0
0
14
255
255
255
255
0
0
0
15
255
255
255
255
0
0
0
16
255
255
255
255
255
255
255
255
0
0
0
11
0
0
0
0
0
0
0
1
0
0
0
2
0
0
0
3
0
0
0
4
0
0
0
6
255
255
255
255
0
0
0
99
0
0
0
9
0
0
0
8
0
0
0
7
0
0
0
5
255
255
255
255
255
255
255
255
